15735111403
19961595649
2092815823
1074295703
76090122895
2193510465
7552160717
76915417290
14733746607
76012764550
15915201279
213041635
7694765762
18202438362
16172206360
204795028
18864057781
210849710
19431704301
7691818236
16918146464
200254473
2186936893
287667981
18354407335
16017835566
18828711618
2063109922
76965803057
16073856375
15561283206
13050670219
2878499179
19999169490
19341153029
15653364825
2886723044
19173035659
211649100
2859719127
76990256768
284703047
76033394587
2893560756
75503060298
18271514925
7693247596
108797669
19425677234
76962008153
17169579251
14140304974
16594797938
107577950
205604586
7690610956
76087892274
19710605922
286359559
2078780546
7604615528
7557245261
2055623078
17589818384
13702200594
7600066021
1012354888
14731188183
17201338114
13908913673
19279494738
14503024981
18037273625
76929611950
2849829362
2108133777
17445539724
13139336684
15846883088
15102477502
17922970582
7697854518
19018299078
14014785740
2160526478
14988064472
75557880620
16395510268
14060942018
15272580235
14068607788
16416464411
286593736
1098603082
76065727704
14879535486
15116332897
285664652
75530577992
76040293174
2137621190
2851837701
7691260770
75546971812
15049916227
7608937021
7607961631
14089348378
18218179048
13501797334
18714850869
2857914887
76922920493
15518554234
14518044585
201265400
14966525215
14477713584
19095697698
15475343953
14550919392
14745053328
218133671
104141692
14891825455
13696927328
2165733568
76097539664
18788938460
19451310221
1053168429
15875135104
17400226078
75577989709
2119296879
13856263149
7554358958
15211796824
16356381065
202328936
16834964689
7691534982
202414487
283854969
1009212026
7552150464
14009772539
15243863645
15053731793
15927122154
206361018
17953036868
2172485822
2114379730
76072315332
76069190316
2084226183
103133908
16522251291
16409703814
206548836
76035451397
17081509614
7698156711
2082088821
16883830852
19681260406
14871459271
18408100111
16422526225
200353262
1054562931
14992794262
15881447633
15136901398
19456342921
17600062338
19565549721
13128374249
14588113767
18982216337
19875556263
13695380910
75544037725
17514383175
17901521452
7608755714
75566673864
218035358
2149716699
75509925558
75565951568
201920438
19803452727
15972029385
18099629258
207545430
16672241988
17716361988
215516860
1026697373